cvs2s= 1
11
## Scores from processing of 394571 alignments, 3716634053 positions
##  (Profile pairs processed with respect to eff.no.sqns: one in [1,-); other in [1,-))
## Entropy = 0.1455, Expected = -0.0957
## Minimum = -0.7562, Maximum = 7.4915
Scale = 1.000000
Dimensions = 19
Cardinality = 93
     -2.0     -1.5     -1.0     -0.5      0.0      0.5      1.0      1.5      2.0      2.5      3.0      3.5      4.0      4.5      5.0      5.5      6.0      6.5      7.0      7.5      8.0      8.5      9.0      9.5     10.0     10.5     11.0     11.5     12.0     12.5     13.0     13.5     14.0     14.5     15.0     15.5     16.0     16.5     17.0     17.5     18.0     18.5     19.0     19.5     20.0     20.5     21.0     21.5     22.0     22.5     23.0     23.5     24.0     24.5     25.0     25.5     26.0     26.5     27.0     27.5     28.0     28.5     29.0     29.5     30.0     30.5     31.0     31.5     32.0     32.5     33.0     33.5     34.0     34.5     35.0     35.5     36.0     36.5     37.0     37.5     38.0     38.5     39.0     39.5     40.0     40.5     41.0     41.5     42.0     42.5     43.5     44.0     45.5
  -0.7562  -0.3483  -0.4919  -0.4339  -0.3654  -0.3239  -0.2897  -0.2651  -0.2361  -0.2108  -0.1827  -0.1525  -0.1311  -0.0983  -0.0750  -0.0370  -0.0052   0.0313   0.0758   0.1093   0.1601   0.2092   0.2661   0.3159   0.3815   0.4445   0.5117   0.5917   0.6872   0.7659   0.8604   0.9472   1.0398   1.1454   1.2536   1.3445   1.4647   1.5591   1.6708   1.7360   1.8442   1.9567   2.0295   2.1561   2.2141   2.2974   2.4264   2.3981   2.5067   2.6057   2.6956   2.7644   2.7646   2.9421   2.9354   3.0363   3.0915   3.1809   3.0821   3.2027   3.4000   3.4329   3.3431   3.4651   3.4706   3.6795   3.1443   3.7366   3.4610   3.8976   3.7911   3.5413   3.6100   3.8556   4.1333   3.2325   4.2176   3.8927   4.2699   2.9203   4.3522   4.4615   4.8118   3.4691   7.4915   4.5555   3.5725        +   6.2405        +        +        +        +

##   0.0000   0.0084   0.0505   0.0383   0.0359   0.0361   0.0370   0.0378   0.0387   0.0394   0.0399   0.0400   0.0395   0.0391   0.0380   0.0368   0.0354   0.0337   0.0319   0.0298   0.0278   0.0257   0.0238   0.0218   0.0200   0.0181   0.0165   0.0150   0.0137   0.0123   0.0112   0.0102   0.0092   0.0084   0.0077   0.0070   0.0064   0.0059   0.0054   0.0048   0.0044   0.0041   0.0037   0.0033   0.0030   0.0028   0.0025   0.0022   0.0020   0.0019   0.0017   0.0015   0.0013   0.0012   0.0010   0.0010   0.0008   0.0007   0.0006   0.0005   0.0005   0.0004   0.0003   0.0003   0.0002   0.0002   0.0001   0.0001   0.0001   0.0001   0.0001   0.0000   0.0000   0.0000   0.0000   0.0000   0.0000   0.0000   0.0000   0.0000   0.0000   0.0000   0.0000   0.0000   0.0000   0.0000   0.0000   0.0000   0.0000   0.0000   0.0000   0.0000   0.0000
##   0.0000   0.0119   0.0826   0.0591   0.0517   0.0500   0.0494   0.0493   0.0490   0.0486   0.0479   0.0465   0.0450   0.0432   0.0410   0.0382   0.0356   0.0327   0.0296   0.0267   0.0237   0.0208   0.0182   0.0159   0.0136   0.0116   0.0099   0.0083   0.0069   0.0057   0.0047   0.0040   0.0033   0.0027   0.0022   0.0018   0.0015   0.0012   0.0010   0.0008   0.0007   0.0006   0.0005   0.0004   0.0003   0.0003   0.0002   0.0002   0.0002   0.0001   0.0001   0.0001   0.0001   0.0001   0.0001   0.0000   0.0000   0.0000   0.0000   0.0000   0.0000   0.0000   0.0000   0.0000   0.0000   0.0000   0.0000   0.0000   0.0000   0.0000   0.0000   0.0000   0.0000   0.0000   0.0000   0.0000   0.0000   0.0000   0.0000   0.0000   0.0000   0.0000   0.0000   0.0000   0.0000   0.0000   0.0000       NA   0.0000       NA       NA       NA       NA

